Low mass region, 126 mass points

Detailed boost factors (point-wise):
+----------+----------+--------------+
| mX [GeV] | mY [GeV] | Boost factor |
+----------+----------+--------------+
| 240      | 50       | 1.3714       |
| 280      | 50       | 1.6000       |
| 300      | 50       | 1.7143       |
| 320      | 50       | 1.8286       |
| 350      | 50       | 2.0000       |
| 400      | 50       | 2.2857       |
| 450      | 50       | 2.5714       |
| 500      | 50       | 2.8571       |
| 550      | 50       | 3.1429       |
| 600      | 50       | 3.4286       |
| 650      | 50       | 3.7143       |
| 700      | 50       | 4.0000       |
| 750      | 50       | 4.2857       |
| 800      | 50       | 4.5714       |
| 850      | 50       | 4.8571       |
| 900      | 50       | 5.1429       |
| 950      | 50       | 5.4286       |
| 1000     | 50       | 5.7143       |
| 240      | 60       | 1.2973       |
| 280      | 60       | 1.5135       |
| 300      | 60       | 1.6216       |
| 320      | 60       | 1.7297       |
| 350      | 60       | 1.8919       |
| 400      | 60       | 2.1622       |
| 450      | 60       | 2.4324       |
| 500      | 60       | 2.7027       |
| 550      | 60       | 2.9730       |
| 600      | 60       | 3.2432       |
| 650      | 60       | 3.5135       |
| 700      | 60       | 3.7838       |
| 750      | 60       | 4.0541       |
| 800      | 60       | 4.3243       |
| 850      | 60       | 4.5946       |
| 900      | 60       | 4.8649       |
| 950      | 60       | 5.1351       |
| 1000     | 60       | 5.4054       |
| 240      | 70       | 1.2308       |
| 280      | 70       | 1.4359       |
| 300      | 70       | 1.5385       |
| 320      | 70       | 1.6410       |
| 350      | 70       | 1.7949       |
| 400      | 70       | 2.0513       |
| 450      | 70       | 2.3077       |
| 500      | 70       | 2.5641       |
| 550      | 70       | 2.8205       |
| 600      | 70       | 3.0769       |
| 650      | 70       | 3.3333       |
| 700      | 70       | 3.5897       |
| 750      | 70       | 3.8462       |
| 800      | 70       | 4.1026       |
| 850      | 70       | 4.3590       |
| 900      | 70       | 4.6154       |
| 950      | 70       | 4.8718       |
| 1000     | 70       | 5.1282       |
| 240      | 80       | 1.1707       |
| 280      | 80       | 1.3659       |
| 300      | 80       | 1.4634       |
| 320      | 80       | 1.5610       |
| 350      | 80       | 1.7073       |
| 400      | 80       | 1.9512       |
| 450      | 80       | 2.1951       |
| 500      | 80       | 2.4390       |
| 550      | 80       | 2.6829       |
| 600      | 80       | 2.9268       |
| 650      | 80       | 3.1707       |
| 700      | 80       | 3.4146       |
| 750      | 80       | 3.6585       |
| 800      | 80       | 3.9024       |
| 850      | 80       | 4.1463       |
| 900      | 80       | 4.3902       |
| 950      | 80       | 4.6341       |
| 1000     | 80       | 4.8780       |
| 240      | 90       | 1.1163       |
| 280      | 90       | 1.3023       |
| 300      | 90       | 1.3953       |
| 320      | 90       | 1.4884       |
| 350      | 90       | 1.6279       |
| 400      | 90       | 1.8605       |
| 450      | 90       | 2.0930       |
| 500      | 90       | 2.3256       |
| 550      | 90       | 2.5581       |
| 600      | 90       | 2.7907       |
| 650      | 90       | 3.0233       |
| 700      | 90       | 3.2558       |
| 750      | 90       | 3.4884       |
| 800      | 90       | 3.7209       |
| 850      | 90       | 3.9535       |
| 900      | 90       | 4.1860       |
| 950      | 90       | 4.4186       |
| 1000     | 90       | 4.6512       |
| 240      | 95       | 1.0909       |
| 280      | 95       | 1.2727       |
| 300      | 95       | 1.3636       |
| 320      | 95       | 1.4545       |
| 350      | 95       | 1.5909       |
| 400      | 95       | 1.8182       |
| 450      | 95       | 2.0455       |
| 500      | 95       | 2.2727       |
| 550      | 95       | 2.5000       |
| 600      | 95       | 2.7273       |
| 650      | 95       | 2.9545       |
| 700      | 95       | 3.1818       |
| 750      | 95       | 3.4091       |
| 800      | 95       | 3.6364       |
| 850      | 95       | 3.8636       |
| 900      | 95       | 4.0909       |
| 950      | 95       | 4.3182       |
| 1000     | 95       | 4.5455       |
| 240      | 100      | 1.0667       |
| 280      | 100      | 1.2444       |
| 300      | 100      | 1.3333       |
| 320      | 100      | 1.4222       |
| 350      | 100      | 1.5556       |
| 400      | 100      | 1.7778       |
| 450      | 100      | 2.0000       |
| 500      | 100      | 2.2222       |
| 550      | 100      | 2.4444       |
| 600      | 100      | 2.6667       |
| 650      | 100      | 2.8889       |
| 700      | 100      | 3.1111       |
| 750      | 100      | 3.3333       |
| 800      | 100      | 3.5556       |
| 850      | 100      | 3.7778       |
| 900      | 100      | 4.0000       |
| 950      | 100      | 4.2222       |
| 1000     | 100      | 4.4444       |
+----------+----------+--------------+

Category-wise summary by mY:
+-------------------+----+--------+--------+--------+
| mY category [GeV] | N  | BF min | BF max | BF avg |
+-------------------+----+--------+--------+--------+
| 50                | 18 | 1.3714 | 5.7143 | 3.3619 |
| 60                | 18 | 1.2973 | 5.4054 | 3.1802 |
| 70                | 18 | 1.2308 | 5.1282 | 3.0171 |
| 80                | 18 | 1.1707 | 4.8780 | 2.8699 |
| 90                | 18 | 1.1163 | 4.6512 | 2.7364 |
| 95                | 18 | 1.0909 | 4.5455 | 2.6742 |
| 100               | 18 | 1.0667 | 4.4444 | 2.6148 |
+-------------------+----+--------+--------+--------+

Category-wise summary by boost-factor range:
+-----------------------+----+--------+--------+--------+
| Boost-factor category | N  | BF min | BF max | BF avg |
+-----------------------+----+--------+--------+--------+
| BF < 2.0              | 38 | 1.0667 | 1.9512 | 1.5055 |
| 2.0 <= BF < 3.0       | 30 | 2.0000 | 2.9730 | 2.4821 |
| BF >= 3.0             | 58 | 3.0233 | 5.7143 | 4.0778 |
+-----------------------+----+--------+--------+--------+
